СИТ ГРЕЙНБАРИзмерение от 12.07.16, 14:03:42  Температура предупрежденя 30.0
  № |ш.м.п.|Сил.      |       Т1       Т2       Т3       Т4       Т5       Т6
------------------------------------------------------------------------------
  1 | 1 1 2|5-2       |      9.3     22.1      22.9     23.3     23.1     23.6
  2 | 1 1 3|5-84-1    |     13.8     16.8      14.8     14.2     16.3     23.3
  3 | 1 1 4|5-1*      |     24.1     23.8      24.3     24.7     24.4     23.9
  4 | 1 2 1|5-2*      |     14.0     22.4      22.6     22.5     22.9     23.5
  5 | 1 2 2|5-3*      |     20.3     22.0      21.7     21.5     23.5     22.5
  6 | 1 2 3|5-7       |     24.3     24.5      24.3     24.2     25.1     24.3
  7 | 1 2 4|5-8       |     22.2     22.2      22.3     22.7     22.6     23.0
  8 | 1 3 1|5-84-2    |     16.6     17.2      16.6     16.6     16.6     22.0
  9 | 1 3 3|5-1       |     26.1     25.1      25.3     25.2     26.0     25.1
 10 | 2 1 1|5-10      |     17.7     18.6      18.1     18.5     19.2     22.5
 11 | 2 1 2|5-6       |     24.6     23.1      23.1     23.1     23.2     23.4
 12 | 2 1 3|5-11      |     15.8     18.8      19.7     22.0     20.4     21.9
 13 | 2 1 4|5-12      |     23.1     22.6      23.5     22.8     22.6     22.9
 14 | 2 2 1|5-5*      |     21.0     22.1      22.1     22.5     22.6     23.1
 15 | 2 2 2|5-5       |     23.6     24.8      29.5     23.6     23.7     23.6
 16 | 2 2 3|5-4*      |     23.3     23.3      22.9     23.0     23.7     23.6
 17 | 2 2 4|5-4       |     24.2     23.6      23.8     23.7     23.5     23.3
 18 | 3 1 1|5-13*     |     22.6     22.8      24.8     23.2     23.5     23.5
 19 | 3 1 2|5-18      |     22.6     22.3      23.0     22.2     22.5     22.0
 20 | 3 1 3|5-14*     |     23.3     22.9      23.0     23.5     22.8     22.9
 21 | 3 1 4|5-15*     |     22.5     22.7      22.3     22.7     22.4     23.0
 22 | 3 2 1|5-10*     |     20.2     20.2      20.6     21.0     21.1     21.7
 23 | 3 2 2|5-17      |     21.8     22.7      22.8     22.1     21.9     22.3
 24 | 3 2 3|5-9*      |     21.3     22.1      22.0     21.9     21.9     22.0
 25 | 3 2 4|5-16      |     21.7     21.9      22.1     22.3     22.4     22.6
 26 | 4 1 1|5-8*      |     20.8     22.1      22.3     22.4     22.7     22.8
 27 | 4 1 2|5-84-3    |     23.2     22.3      22.6     24.2     23.8     23.1
 28 | 4 1 3|5-11*     |     23.5     23.8      23.8     23.7     23.6     24.1
 29 | 4 1 4|5-12*     |     23.5     23.3      23.3     22.9     23.1     23.3
 30 | 4 2 1|5-7*      |     22.4     22.6      22.9     22.4     22.8     23.0
 31 | 4 2 2|5-14      |     21.6     22.9      21.7     22.0     22.5     23.0
 32 | 4 2 3|5-6*      |     23.6     23.2      23.9     23.7     23.4     23.5
 33 | 4 2 4|5-13      |     23.7     24.2      24.5     24.3     24.1     24.6
 34 | 5 1 1|5-18*     |     24.5     24.9      24.0     23.9     23.9     23.4
 35 | 5 1 2|5-21      |     24.2     24.7      24.1     23.7     23.5     23.5
 36 | 5 1 3|5-25      |     24.9     24.7      24.3     25.5     24.9     25.2
 37 | 5 1 4|5-26      |     26.4     26.4      26.3     24.6     23.5     24.0
 38 | 5 2 1|5-17*     |     28.4     23.6      25.1     24.1     23.4     23.8
 39 | 5 2 2|5-20      |     28.2     27.3      24.3     23.9     23.4     23.7
 40 | 5 2 3|5-27      |     19.3     16.8      16.4     15.9     24.2     24.4
 41 | 5 3 1|5-16*     |     23.9     24.1      24.0     23.6     23.9     23.6
 42 | 5 3 2|5-19      |     24.8     24.2      24.2     24.2     24.2     24.2
 43 | 6 1 1|5-28      |     22.3     24.8      28.3     25.2     23.9     24.3
 44 | 6 1 2|5-24      |     23.2     22.8      23.3     23.0     22.4     22.6
 45 | 6 1 3|5-29      |     22.9     23.0      23.5     23.3     23.3     22.7
 46 | 6 1 4|5-30      |     23.3     23.1      23.2     22.8     23.4     22.6
 47 | 6 2 1|5-20*     |     23.5     23.3      23.7     24.0     22.9     22.9
 48 | 6 2 2|5-23      |   **35.9   **35.1    **36.0   **36.0     23.0     24.4
 49 | 6 2 3|5-19*     |     24.8     26.0      24.2     24.1     24.1     23.1
 50 | 6 2 4|5-22      |     24.9     26.6      26.2     23.8     23.8     23.5
 51 | 7 1 1|3-1       |     20.9     21.3      20.1     19.2     19.4     19.8
 52 | 7 1 2|3-1*      |     17.9     20.7      19.2     20.2     19.0     22.8
 53 | 7 1 3|3-7       |     21.1     20.7      21.1     20.8     19.0     23.3
 54 | 7 1 4|3-8       |     19.4     19.8      21.1     20.9     21.4     21.8
 55 | 7 2 1|3-2       |     20.7     21.0      20.5     20.5     19.2     19.9
 56 | 7 2 2|3-2*      |     21.7     20.9      20.8     20.8     20.3     21.8
 57 | 7 2 3|3-9       |     23.5     22.7      22.2     22.3     22.0     22.0
 58 | 7 3 1|3-3       |     21.5     23.2      22.4     21.2     20.5     20.2
 59 | 7 3 2|3-3*      |     21.1     22.1      23.0     20.4     20.5     22.4
 60 | 8 1 1|3-13      |     22.8     22.7      22.8     22.9     23.2     22.4
 61 | 8 1 2|3-6*      |     22.2     21.9      21.7     21.9     21.8     22.7
 62 | 8 1 3|3-11*     |     20.1     20.0      20.9     22.4     15.6     15.5
 63 | 8 1 4|3-12*     |     26.8     28.0      28.9     24.2   **39.7     23.4
 64 | 8 2 1|3-14      |     22.0     22.2      22.3     22.1     22.5     22.5
 65 | 8 2 2|3-7*      |     22.1     22.4      22.4     22.3     22.2     22.4
 66 | 8 2 3|3-15      |     22.6     22.8      23.4     23.0     23.0     22.9
 67 | 8 2 4|3-8*      |     22.7     23.7      22.9     22.6     23.4     22.9
 68 | 9 1 1|3-19      |     27.1     30.0    **31.0   **30.9     26.9     22.9
 69 | 9 1 2|3-16*     |     27.1     29.4      28.6     28.3     23.4     23.0
 70 | 9 1 3|3-25      |     28.4   **30.1    **30.8     24.2   **31.5     23.3
 71 | 9 1 4|3-26      |     26.6     25.5      24.5     23.5     23.9     23.5
 72 | 9 2 1|3-20      |     29.5     29.6      29.9     27.8     24.0     23.5
 73 | 9 2 2|3-17*     |     28.3     29.7      27.8     25.8     24.8     25.7
 74 | 9 2 3|3-27      |     22.4     23.3      23.2     25.2     24.9     24.6
 75 | 9 3 1|3-21      |   **35.4   **40.5      26.0     25.2     24.8     24.3
 76 | 9 3 2|3-18*     |     29.6     27.6      26.8     26.0     25.5     24.4
 77 |10 1 1|3-22      |     23.7     25.1      23.5     23.5     23.7     23.7
 78 |10 1 2|3-19*     |     24.9     26.4      22.9     23.3     23.2     23.3
 79 |10 1 3|3-29      |     20.7     20.5      19.4     23.6     23.3     23.3
 80 |10 1 4|3-30      |     29.3   **30.9    **33.3   **35.2     24.1     23.8
 81 |10 2 1|3-23      |     25.4     23.6      23.0     23.4     23.3     23.2
 82 |10 2 2|3-20*     |     27.1     25.4      26.7     28.0     24.9     23.8
 83 |10 2 3|3-24      |   **32.4   **32.3      29.8   **31.3   **32.7     25.0
 84 |10 2 4|3-28      |     25.8     25.7      26.5     26.1     24.5     23.9
 85 |11 1 1|3-16      |     22.3     22.4      22.8     22.8     22.9     22.4
 86 |11 1 2|3-9*      |     22.9     22.4      22.2     22.6     21.9     22.0
 87 |11 1 3|3-14*     |     22.9     22.0      22.2     22.8     22.2     23.1
 88 |11 1 4|3-15*     |   **31.1   **31.4      29.1   **31.7     26.7     23.1
 89 |11 2 1|3-17      |     22.2     22.1      22.2     22.0     22.1     22.6
 90 |11 2 2|3-10*     |     22.8     22.2      22.2     22.4     22.1     22.5
 91 |11 2 3|3-18      |     22.9     23.5      23.0     22.8     22.7     22.9
 92 |11 2 4|3-13*     |     27.5     24.5      27.7     24.2     23.9     23.9
 93 |12 1 1|3-4       |     24.2     24.1      24.2     23.6     23.5     23.5
 94 |12 1 2|3-4*      |   **31.2     23.8      23.3     23.0     23.7     23.6
 95 |12 1 3|3-11      |     22.4     22.7      21.5     22.0     21.6     22.2
 96 |12 1 4|3-12      |     22.3     22.6      22.5     22.4     22.7     23.4
 97 |12 2 1|3-5       |     25.6     24.4      23.9     23.7     23.4     23.5
 98 |12 2 2|3-5*      |     22.8     22.2      22.8     22.9     22.6     23.1
 99 |12 2 3|3-6       |     21.9     23.2      24.8     23.5     23.6     24.1
100 |12 2 4|3-10      |     22.4     22.6      22.4     22.2     22.5     22.4
101 |13 1 1|1-1       |     23.8     24.9      23.0     23.7     23.3     24.2
102 |13 1 2|1-1*      |     22.0     22.1      22.8     22.6     22.4     23.0
103 |13 1 3|1-7       |     20.6     21.0      21.5     21.0     21.8     22.7
104 |13 1 4|1-8       |     18.5     21.1      21.2     21.1     21.1     21.7
105 |13 2 1|1-2       |     11.3     12.8      12.0     12.6     13.1     21.3
106 |13 2 2|1-2*      |     15.8     13.3      14.6     23.1     19.7     23.1
107 |13 2 3|1-84-2    |     18.4     18.8      18.3     22.7     19.3     22.1
108 |13 2 4|1-84-1    |     10.8     12.4      20.8     22.5     22.7     23.1
109 |13 3 4|1-3*      |     19.3     21.8      22.3     22.4     22.2     22.6
110 |14 1 1|1-13      |     17.8     19.3      18.7     22.6     22.5     23.3
111 |14 1 2|1-6*      |     21.4     21.3      21.3     21.6     21.8     22.0
112 |14 1 3|1-11*     |     29.4   **31.2    **31.6   **32.2   **33.7     22.7
113 |14 1 4|1-12*     |     23.3     23.3      23.2     23.3     23.2     23.2
114 |14 2 1|1-14      |     21.7     21.8      22.1     21.9     21.9     22.0
115 |14 2 2|1-7*      |     25.3     21.6      21.6     21.8     21.6     22.1
116 |14 2 3|1-84-3    |     24.7     16.6      18.1     15.8     14.8     22.8
117 |14 2 4|1-8*      |     19.7     20.4      20.4     20.2     22.3     22.7
118 |15 1 1|1-19      |   **32.8   **32.5    **30.6   **32.5   **32.7     23.0
119 |15 1 2|1-16*     |     27.7     25.7      25.7     26.3     23.4     23.1
120 |15 1 3|1-25      |     29.8     29.0      29.4     29.5     23.2     24.2
121 |15 1 4|1-26      |     26.4     23.2      25.5     23.5     23.7     23.2
122 |15 2 1|1-20      |     25.3     24.1      23.5     23.8     23.4     23.4
123 |15 2 2|1-17*     |     24.1     24.7      24.1     23.9     24.1     23.2
124 |15 2 3|1-27      |     28.5     29.5    **30.3   **30.3     24.2     24.0
125 |15 3 1|1-21      |     21.5     22.4      23.2     21.4     23.6     24.0
126 |15 3 2|1-18*     |     21.0     23.4      22.6     22.8     24.7     24.1
127 |16 1 1|1-22      |   **38.6   **33.2    **33.3   **32.7     25.3     24.6
128 |16 1 2|1-19*     |   **31.2   **33.0    **32.8   **31.6     25.0     24.1
129 |16 1 3|1-29      |     19.4     19.3      16.0     17.1     23.8     23.3
130 |16 1 4|1-30      |     22.5     22.9      24.4     24.5     23.5     23.2
131 |16 2 1|1-23      |   **37.4   **34.1    **35.4   **33.0     23.6     23.3
132 |16 2 2|1-20*     |     21.3     21.3      22.5     23.3     22.7     23.3
133 |16 2 3|1-24      |     23.6     23.6      23.4     23.7     23.5     23.8
134 |16 2 4|1-28      |     21.0     22.0      24.1     24.4     24.5     23.9
135 |17 1 1|1-16      |     22.8     22.3      22.7     22.4     23.0     22.8
136 |17 1 2|1-9*      |     21.8     22.1      22.1     22.1     21.9     22.0
137 |17 1 3|1-14*     |   **32.7   **34.2    **32.4   **32.6     23.9     23.2
138 |17 1 4|1-15*     |     23.0     22.0      22.4     24.1     22.8     23.0
139 |17 2 1|1-17      |     22.6     22.6      22.4     22.9     23.8     22.7
140 |17 2 2|1-10*     |     22.6     22.8      23.4     23.1     22.8     23.0
141 |17 2 3|1-18      |     23.9     23.4      23.0     23.3     23.0     23.6
142 |17 2 4|1-13*     |     10.0     12.0      11.7     11.5     16.0     16.0
143 |18 1 1|1-4       |     23.1     24.5      23.5     23.4     23.4     23.6
144 |18 1 2|1-4*      |     23.1     23.3      23.4     23.4     23.5     23.0
145 |18 1 3|1-11      |     23.6     23.0      22.2     22.2     21.9     22.1
146 |18 1 4|1-12      |     23.5     24.2      23.9     24.2     22.8     24.1
147 |18 2 1|1-5       |     24.6     23.4      26.3     23.6     23.8     23.3
148 |18 2 2|1-5*      |     26.7     24.3      24.4     24.1     23.5     23.7
149 |18 2 3|1-6       |     23.6     24.5      24.3     24.5     24.2     23.8
150 |18 2 4|1-10      |     22.5     22.1      22.1     22.4     22.1     22.3
151 |19 1 1|2-1       |     12.5     12.4      13.0     11.1     13.6     24.0
152 |19 1 2|2-1*      |     16.4     21.4      21.6     22.3     22.2     23.2
153 |19 1 3|2-7       |     18.2     12.3      12.4     11.8     12.1     24.1
154 |19 1 4|2-8       |     22.9     22.5      22.7     22.5     23.0     24.0
155 |19 2 1|2-2       |     11.8     23.9      23.9     23.5     23.9     23.5
156 |19 2 2|2-2*      |     22.9     23.5      23.4     23.9     23.3     23.1
157 |19 2 3|2-9       |     21.0     22.0      22.0     21.0     20.4     23.4
158 |19 3 1|2-3       |     14.7     23.5      23.7     24.2     23.5     23.5
159 |19 3 2|2-3*      |     22.4     23.0      23.4     23.5     23.3     23.2
160 |20 1 1|2-6*      |     25.2     22.7      24.0     23.3     23.0     23.2
161 |20 1 2|2-14      |     23.0     23.1      23.0     22.8     22.8     22.9
162 |20 1 3|2-11*     |     23.2     25.6      23.0   **32.4     23.4     23.3
163 |20 1 4|2-12*     |     26.7     25.4      25.2     24.2     23.9     23.5
164 |20 2 1|2-7*      |     23.1     20.5      20.6     22.6     23.2     23.0
165 |20 2 2|2-15      |     18.4     17.2      15.2     17.1     23.9     23.8
166 |20 2 3|2-8*      |     20.4     21.3      22.1     23.2     26.4     23.1
167 |20 2 4|2-13      |     26.5     24.4      24.0     23.9     23.7     24.0
168 |21 1 1|2-19      |     25.3     24.9      24.1     24.8     24.0     23.6
169 |21 1 2|2-16*     |     26.8     23.3      24.4     23.8     23.7     23.7
170 |21 1 3|2-25      |     25.2     24.7      24.5     24.2     23.8     23.8
171 |21 1 4|2-26      |   **35.9   **37.7    **38.3   **37.9   **35.7   **34.3
172 |21 2 1|2-20      |     25.8     25.2      24.9     24.3     25.7     23.9
173 |21 2 2|2-17*     |     28.6     28.6      28.3     28.4     28.3     24.8
174 |21 2 3|2-27      |   **35.5   **35.7    **35.9   **35.7     26.6     25.7
175 |21 3 1|2-21      |   **30.4   **30.9    **30.4     30.0   **30.5     28.9
176 |21 3 2|2-18*     |   **35.1   **36.5    **37.7   **37.1     26.7     25.6
177 |22 1 1|2-22      |   **36.4   **37.2    **38.1   **38.4   **38.0     24.7
178 |22 1 2|2-23      |   **30.1   **30.7    **30.1   **30.4   **30.7     23.9
179 |22 1 3|2-29      |     24.6     24.3      23.9     24.0     23.7     23.2
180 |22 1 4|2-30      |     23.5     23.4      23.1     23.0     22.9     22.9
181 |22 2 1|2-24      |     22.9     22.9      22.6     22.3     22.6     22.7
182 |22 2 2|2-19*     |   **32.2   **32.4    **32.6   **32.8     26.0     24.2
183 |22 2 3|2-20*     |     22.7     24.9      22.6     22.5     22.5     22.5
184 |22 2 4|2-28      |     26.7     26.8      26.7     26.3     25.6     25.2
185 |23 1 1|2-16      |     22.0     21.2      25.5     20.8     23.4     23.2
186 |23 1 2|2-9*      |     21.3     22.0      22.4     22.8     22.7     22.6
187 |23 1 3|2-15*     |   **30.9   **31.4    **32.0   **31.7     24.8     23.9
188 |23 1 4|2-14*     |     22.1     22.3      22.5     23.2     22.2     22.6
189 |23 2 1|2-17      |     19.6     22.7      22.4     22.2     22.2     22.5
190 |23 2 2|2-10*     |     21.8     22.2      22.3     22.6     21.9     22.5
191 |23 2 3|2-18      |     22.6     22.4      22.6     22.4     22.3     22.2
192 |23 2 4|2-13*     |   **31.9   **31.4    **31.8   **32.1     29.5     24.6
193 |24 1 1|2-4       |     23.2     23.3      23.8     23.3     23.2     23.2
194 |24 1 2|2-4*      |     19.7     22.9      23.1     22.9     22.9     22.6
195 |24 1 3|2-11      |     16.9     16.9      20.2     22.2     22.4     22.5
196 |24 1 4|2-12      |     17.1     16.5      16.1     14.6     13.2     22.5
197 |24 2 1|2-5       |     22.1     23.4      23.2     24.7     23.0     22.9
198 |24 2 2|2-5*      |     20.9     13.8      17.0     18.2     18.8     21.9
199 |24 2 3|2-6       |     17.3     15.5      14.8     13.2     13.0     23.2
200 |24 2 4|2-10      |     21.6     22.3      22.5     23.1     22.7     22.8
201 |25 1 1|4-1       |     17.2     15.4      13.9     14.5     15.4     19.5
202 |25 1 2|4-1*      |     16.8     15.9      15.0     15.9     16.6     21.6
203 |25 1 3|4-7       |     18.9     18.6      15.4     14.4     15.7     22.9
204 |25 1 4|4-8       |     19.2     18.5      15.2     20.0     22.0     22.1
205 |25 2 1|4-2       |     13.0     14.7      14.9     14.7     14.9     18.9
206 |25 2 2|4-2*      |     21.4     20.8      21.8     22.1     22.4     22.1
207 |25 2 3|4-84-2    |     18.0     22.2      22.1     22.5     22.3     22.4
208 |25 3 1|4-84-1    |     23.5     23.8      24.1     23.7     23.6     23.4
209 |25 3 2|4-3*      |     22.0     23.4      23.3     23.5     23.4     23.0
210 |26 1 1|4-11*     |     21.7     22.6      22.3     22.3     22.1     22.3
211 |26 1 2|4-13      |     22.7     21.6      22.5     23.7     22.5     22.2
212 |26 1 3|4-6*      |     21.3     20.9      22.0     22.0     22.9     22.4
213 |26 1 4|4-12*     |     28.7     24.9      24.2     23.8     23.3     23.1
214 |26 2 1|4-14      |     19.9     22.4      22.1     22.2     22.3     22.0
215 |26 2 2|4-7*      |     21.9     22.6      22.5     22.4     22.3     22.6
216 |26 2 3|4-84-3    |     22.5     22.6      22.6     22.6     22.4     22.5
217 |26 2 4|4-8*      |     22.4     22.9      22.9     22.6     22.9     22.8
218 |27 1 1|4-19      |     23.3     22.9      22.8     23.0     22.8     23.4
219 |27 1 2|4-16*     |     22.3     22.8      23.3     23.3     22.8     22.3
220 |27 1 3|4-25      |     23.6     23.4      23.9     23.3     23.2     23.0
221 |27 1 4|4-26      |   **35.6   **35.4      28.3     23.8     23.1     22.9
222 |27 2 1|4-20      |     23.4     23.4      23.0     23.0     22.5     22.7
223 |27 2 2|4-17*     |   **30.9     26.8      25.3     24.5     24.2     23.9
224 |27 2 3|4-27      |     27.5     26.1      25.9     25.3     24.8     24.4
225 |27 3 1|4-21      |   **33.6     24.9    **34.4     25.1     24.6     24.2
226 |27 3 2|4-18*     |     26.0     25.6      25.4     25.0     24.6     23.8
227 |28 1 1|4-22      |     26.1     26.5      25.3     22.9     23.3     24.0
228 |28 1 2|4-23      |     28.2     23.8      23.5     23.5     24.0     23.4
229 |28 1 3|4-29      |     19.0     18.9      18.8     18.7     23.6     23.4
230 |28 2 1|4-24      |     21.3     22.0      22.4     22.5     23.0     22.5
231 |28 2 2|4-19*     |     24.2     24.3      24.3     24.2     23.7     23.6
232 |28 2 3|4-20*     |     22.8     22.9      22.9     22.9     23.2     23.3
233 |28 2 4|4-28      |   **30.9   **30.7    **31.1     30.0     24.9     24.8
234 |29 1 1|4-9*      |     24.8     26.2      25.9     25.8     25.3     23.2
235 |29 1 2|4-10*     |     22.8     23.0      23.3     22.7     22.7     23.2
236 |29 1 3|4-14*     |     24.2     23.6      23.6     23.0     23.4     23.5
237 |29 1 4|4-15*     |     23.2     23.3      23.2     23.4     23.1     23.1
238 |29 2 1|4-16      |     22.5     22.9      22.7     22.6     22.9     22.8
239 |29 2 2|4-17      |     23.2     24.3      26.5     22.9     23.6     22.8
240 |29 2 3|4-18      |     22.3     22.5      22.9     22.5     22.4     22.4
241 |29 2 4|4-13*     |     24.3     25.5      24.9     24.6     24.6     23.5
242 |30 1 1|4-4       |     23.6     24.1      23.7     23.6     23.4     23.2
243 |30 1 2|4-4*      |     23.5     23.5      25.2     23.3     23.5     23.3
244 |30 1 3|4-11      |     22.5     21.5      19.9     22.7     22.5     22.7
245 |30 1 4|4-12      |     27.7     27.3      26.8     26.3     25.6     24.4
246 |30 2 1|4-5       |     24.1     24.2      24.3     24.4     23.9     24.0
247 |30 2 2|4-5*      |     25.0     25.2      24.6     24.0     22.5     23.7
248 |30 2 3|4-6       |     24.1     26.9      26.8     24.0     27.6     24.3
249 |30 2 4|4-10      |     22.6     22.9      22.7     22.7     23.2     22.6
Конец сохранения данных измерения от 12.07.16, 14:03:42
